47
135
82
104
209
176
48
258
213
246
113
171
241
236
50
260
60
43
205
39
201
154
158
166
12
78
256
3
183
215
5
248
32
115
141
220
130
136
67
173
243
57
127
124
149
24
229
20
225
185
37
199
152
10
1
30
139
122
197
120
195
217
146
7
27
98
189
83
105
250
16
101
210
238
34
117
192
143
95
177
63
87
109
162
52
71
222
232
91
262
49
259
214
247
114
219
172
242
56
148
23
228
9
29
15
100
237
191
51
70
261
61
85
107
252
44
206
40
202
155
159
167
18
13
79
180
132
81
103
257
212
170
240
235
77
255
182
4
66
184
36
138
119
194
216
145
6
97
188
249
33
116
142
94
62
86
108
221
90
69
179
131
254
65
137
89
68
253
45
207
174
244
111
58
41
203
156
164
128
125
150
25
160
230
54
21
226
168
186
73
46
134
208
175
245
112
59
42
204
38
200
153
157
165
11
2
31
140
129
126
123
19
224
198
151
0
121
196
26
161
231
218
55
147
22
227
8
28
14
99
190
84
106
251
17
80
102
211
169
239
234
76
181
35
118
193
144
96
187
93
178
64
88
110
163
53
72
133
223
233
75
92
74
263
